     .00
     .01
     .40
     .52
    1.04
    1.35
    1.54
    1.59
    2.25
    1.12
     .63
     .25
    -.01
     .05
    -.13
     .00
    -.41
     .55
    1.35
    1.01
    1.31
    1.25
     .84
     .79
    -.11
    -.71
    -.34
    -.44
    -.39
    -.63
    -.55
   -1.26
   -1.38
   -1.48
   -1.27
    -.84
     .16
    -.02
     .50
     .63
     .99
     .54
     .48
    1.22
    2.02
    1.34
     .06
    -.15
   -1.07
    -.77
    -.75
    -.75
    -.93
    -.79
    -.38
    -.75
    -.76
    -.90
   -1.00
    -.95