    2.12
    2.21
     .26
     .04
     .27
    2.12
     .42
    1.73
     .22
     .12
    1.89
     .72
    1.73
     .26
    1.99
     .28
     .87
     .33
    5.65
     .18
    1.60
    3.13
     .96
     .73
     .74
    1.52
     .18
     .85
    1.49
     .31
    1.01
    1.51
    1.79
    2.30
     .02
     .06
    1.44
     .08
     .14
    1.14
     .01
     .15
    1.50
     .14
     .69
    3.45
    1.05
     .47
     .06
     .16
     .13
    1.15
     .04
    1.89
     .34
     .08
     .24
    2.64
     .95
     .14