  172.00
  163.00
  177.00
  177.00
  198.00
  176.00
  170.00
  166.00
  171.00
  159.00
  188.00
  162.00
  152.00
  175.00
  170.00
  171.00
  172.00
  179.00
  166.00
  166.00
  175.00
  186.00
  177.00
  181.00
  163.00
  168.00
  155.00
  167.00
  168.00
  177.00
  154.00
  156.00
  189.00
  169.00
  163.00
  185.00
  159.00
  178.00
  193.00
  167.00
  168.00
  163.00
  177.00
  165.00
  157.00
  170.00
  166.00
  177.00
  193.00
  168.00
  165.00
  180.00
  157.00
  179.00
  172.00
  169.00
  162.00
  151.00
  166.00
  170.00
  153.00
  176.00
  181.00
  189.00
  173.00
  177.00
  181.00
  150.00
  188.00
  181.00
  182.00
  176.00
  162.00
  175.00
  170.00
  171.00
  168.00
  162.00
  158.00
  163.00
  159.00
  166.00
  161.00
  169.00
  163.00
  173.00
  168.00
  174.00
  178.00
  160.00
  192.00
  165.00
  195.00
  173.00
  187.00
  199.00
  185.00
  178.00
  170.00
  152.00
  186.00
  196.00
  153.00
  169.00
  156.00
  174.00
  183.00
  168.00
  168.00
  177.00
  173.00
  165.00
  155.00
  167.00
  168.00
  159.00
  171.00
  156.00
  193.00
  167.00
  177.00
  170.00
  168.00
  164.00
  172.00
  161.00
  181.00
  169.00
  182.00
  157.00
  162.00
  162.00
  173.00
  181.00
  159.00
  166.00
  164.00
  176.00
  158.00
  154.00
  165.00
  164.00
  150.00
  156.00
  172.00
  167.00
  163.00
  187.00
  178.00
  188.00
  168.00
  177.00
  173.00
  181.00
  166.00
  170.00
  169.00
  200.00
  183.00
  177.00
  161.00
  156.00
  183.00